11.11
11.11
12.433333333333332
11.11
11.11
11.11
11.11
11.11
11.11
11.11
11.11
11.11
12.15
11.076666666666664
9.11
11.11
11.961666666666664
12.766666666666666
11.11
12.288333333333332
12.028333333333334
11.11
11.11
10.981666666666667
11.11
11.11
11.11
12.311666666666667
11.11
11.11
11.11
11.11
11.11
11.11
11.11
11.11
11.11
11.11
11.11
11.11
11.11
9.953333333333333
11.11
11.11
11.11
11.805
11.11
11.11
11.486666666666665
11.11
68.605
37.535
37.74333333333333
33.14833333333333
36.63
29.87833333333333
16.465
13.101666666666668
11.11
76.08666666666666
37.90166666666666
23.56333333333333
29.481666666666666
142.28666666666666
25.58333333333333
60.315
42.451666666666654
44.54666666666666
24.531666666666666
24.45666666666667
