12830721
12860417
12848131
12816388
12865028
11851783
11854855
11803657
11852810
11856394
12868108
12828688
12856851
11854359
11856408
12850713
12808733
12800031
12868639
12846627
12867110
11868201
11894831
12810801
11854898
12829234
11855924
12858421
11854391
12841528
12832839
12852295
12837962
11809868
11854413
11824719
11854928
11887184
12856401
12839507
12857947
12812901
11896426
12852848
12840050
12843636
12833398
12844152
12851833
12867705
11853948
12829820
12853372
12845183
12815489
12861057
12833924
11808390
12801160
12844683
11853964
11800208
11847824
11873426
12850837
11810459
12830879
12831905
11893923
12862631
12832936
12842664
12823210
12858536
12851884
12843181
12829871
11878576
12808881
12854450
11823283
12868787
12817589
12857530
11870907
11886269
11854014
12816574
12836541
11855045
11829958
11848391
11854022
12859591
12861642
12824780
12866253
11854031
12805327
12858064
12841170
12865745
12838101
11848413
12827363
11822821
12837610
11896043
12851949
12864749
12808946
11873523
12861171
12864242
11870966
12839167
12848395
12861201
12860191
12845345
11884835
12869414
12866857
12839728
12842800
12842290
12804916
12809012
11860278
12811068
12817732
11895110
11879751
11883847
12825930
12852554
12818259
12814164
12866903
12822361
12843865
11877723
11856220
12807516
11866977
12838756
12868965
11833190
11855207
12814695
12829544
11887982
12864366
12824950
11854201
12850047
12867969
11803011
12855685
12839302
12804487
12812170
11854731
12822922
12862860
12866954
11828111
11890576
11855762
12808083
11854740
11874708
12866962
12833177
12845469
11878304
12858277
11855789
12836273
12838322
12862908
12850110
12863424
12806081
12854212
11854791
12813770
11835851
12839884
12846538
12861901
12820431
11872209
12858838
11854812
12861405
12854239
12849634
12818917
12861413
12865001
11802090
12833771
12865516
12843504
12816370
11803126
12867063
11882492
11874813
