11800208
11802090
11808390
11809868
11810459
11822821
11823283
11824719
11828111
11829958
11833190
11835851
11848391
11851783
11852810
11853948
11854014
11854031
11854201
11854391
11854413
11854731
11854791
11854812
11854855
11854898
11854928
11855045
11855207
11855789
11855924
11856220
11860278
11868201
11872209
11873426
11873523
11874708
11877723
11878576
11882492
11883847
11884835
11886269
11887184
11887982
11893923
11896043
11896426
12801160
12804487
12804916
12805327
12806081
12808733
12808881
12809012
12811068
12812170
12813770
12814164
12816388
12816574
12817732
12818917
12820431
12822361
12822922
12823210
12824950
12827363
12829820
12829871
12830721
12830879
12831905
12832839
12832936
12833398
12833771
12833924
12837610
12838101
12838322
12839167
12839302
12839507
12839728
12839884
12840050
12841170
12841528
12842290
12842664
12842800
12843181
12843865
12844152
12844683
12846538
12848131
12848395
12850713
12850837
12851833
12851884
12852295
12852554
12852848
12853372
12854450
12858064
12858421
12859591
12860191
12860417
12861057
12861171
12861201
12861405
12861413
12862860
12862908
12863424
12864242
12865001
12865028
12866253
12866857
12866954
12866962
12867063
12867110
12867705
12867969
12868108
12868639
12868787
12868965
12869414
